<!doctype html>
<html lang="en">
<head>
<meta charset="utf-8">
<meta name="viewport" content="width=device-width,initial-scale=1">
<title>Transformer Variant Lab — Evaluation Dashboard</title>
<style>
:root{--bg:#071018;--panel:#0d1a24;--panel2:#112431;--line:#203846;--text:#edf7f7;
--muted:#93abb4;--cyan:#5de4c7;--gold:#ffc857;--red:#ff6b6b;--blue:#6ea8fe;--r:16px}
*{box-sizing:border-box}html{scroll-behavior:smooth}body{margin:0;background:radial-gradient(
circle at 82% 2%,#123445 0,transparent 32%),var(--bg);color:var(--text);font:15px/1.55
Inter,ui-sans-serif,system-ui,-apple-system,BlinkMacSystemFont,"Segoe UI",sans-serif}
a{color:inherit}.shell{display:grid;grid-template-columns:230px minmax(0,1fr);min-height:100vh}
aside{position:sticky;top:0;height:100vh;padding:28px 20px;border-right:1px solid var(--line);
background:#071018e8;backdrop-filter:blur(18px)}.brand{font-weight:800;letter-spacing:.04em;font-size:18px}
.brand span{display:block;color:var(--cyan);font:12px/1.4 ui-monospace,monospace;margin-top:5px}
nav{display:grid;gap:7px;margin-top:38px}nav a{text-decoration:none;color:var(--muted);padding:9px 11px;
border-radius:10px}nav a:hover{color:var(--text);background:var(--panel2)}.status{position:absolute;bottom:25px;
font-size:12px;color:var(--muted)}.dot{display:inline-block;width:8px;height:8px;background:var(--cyan);
border-radius:50%;box-shadow:0 0 14px var(--cyan);margin-right:7px}main{padding:42px clamp(24px,5vw,72px) 80px;
max-width:1600px;width:100%}.eyebrow{color:var(--cyan);text-transform:uppercase;letter-spacing:.16em;
font:700 12px ui-monospace,monospace}h1{font-size:clamp(34px,5vw,68px);line-height:1.02;margin:12px 0 18px;
max-width:900px;letter-spacing:-.04em}.lede{color:var(--muted);max-width:760px;font-size:18px}.section{padding-top:82px}
h2{font-size:30px;letter-spacing:-.02em;margin:0 0 8px}.section-intro{color:var(--muted);margin:0 0 26px}
.grid{display:grid;grid-template-columns:repeat(12,1fr);gap:16px}.card{background:linear-gradient(145deg,var(--panel2),
var(--panel));border:1px solid var(--line);border-radius:var(--r);padding:20px;box-shadow:0 18px 55px #0004}
.metric{grid-column:span 3}.metric .label{color:var(--muted);font-size:12px;text-transform:uppercase;
letter-spacing:.1em}.metric .value{font-size:29px;font-weight:760;margin-top:8px}.metric .sub{font-size:12px;
color:var(--muted);margin-top:4px}.wide{grid-column:span 8}.side{grid-column:span 4}.full{grid-column:1/-1}
.toolbar{display:flex;gap:10px;align-items:center;margin-bottom:18px;flex-wrap:wrap}select{background:#07131c;
border:1px solid var(--line);border-radius:10px;color:var(--text);padding:9px 34px 9px 12px}.bars{display:grid;gap:12px}
.bar-row{display:grid;grid-template-columns:145px 1fr 155px;gap:12px;align-items:center}.bar-name{font-weight:650;
white-space:nowrap;overflow:hidden;text-overflow:ellipsis}.track{height:11px;background:#07131c;border-radius:99px;overflow:hidden}
.fill{height:100%;border-radius:99px;background:linear-gradient(90deg,var(--blue),var(--cyan));min-width:3px}
.bar-value{text-align:right;font:12px ui-monospace,monospace;color:var(--muted)}table{width:100%;border-collapse:collapse}
th{text-align:left;color:var(--muted);font-size:11px;text-transform:uppercase;letter-spacing:.09em;padding:10px 12px;
border-bottom:1px solid var(--line)}td{padding:12px;border-bottom:1px solid #20384699}tr:last-child td{border:0}
.pill{display:inline-flex;border:1px solid var(--line);border-radius:99px;padding:4px 9px;font-size:11px;color:var(--muted)}
.pill.good{border-color:#2d806e;color:var(--cyan)}.pill.bad{border-color:#8f4545;color:#ff9e9e}.probe-grid{display:grid;
grid-template-columns:repeat(auto-fit,minmax(220px,1fr));gap:12px}.probe{padding:15px;background:#08151e;border:1px solid var(--line);
border-radius:12px}.probe strong{display:block;font-size:18px;margin:5px 0}.spark{width:100%;height:55px;margin-top:10px}
.gallery{display:grid;grid-template-columns:repeat(auto-fit,minmax(330px,1fr));gap:16px}.figure{margin:0;overflow:hidden;
background:var(--panel);border:1px solid var(--line);border-radius:var(--r)}.figure img{display:block;width:100%;background:white}
.figure figcaption{padding:13px 16px;color:var(--muted);font-size:13px}.empty{padding:24px;color:var(--muted);text-align:center;
border:1px dashed var(--line);border-radius:12px}.meta{font:12px/1.7 ui-monospace,monospace;color:var(--muted);white-space:pre-wrap}
.lc-heading{display:flex;justify-content:space-between;gap:20px;align-items:end;margin:24px 0 14px}
.lc-heading h3{font-size:22px;margin:0}.lc-heading p{color:var(--muted);max-width:760px;margin:0}
.lc-chart{min-height:430px;overflow:auto}.lc-chart svg{display:block;width:100%;min-width:760px;height:auto}
.lc-grid{stroke:#294352;stroke-width:1}.lc-axis{fill:var(--muted);font:12px ui-monospace,monospace}
.lc-legend{fill:var(--text);font:12px ui-monospace,monospace}.lc-summary{margin-bottom:16px}
footer{padding-top:72px;color:var(--muted);font-size:12px}@media(max-width:900px){.shell{display:block}aside{position:relative;
height:auto;border-right:0;border-bottom:1px solid var(--line)}nav{display:flex;overflow:auto;margin-top:18px}.status{display:none}
main{padding-top:30px}.metric{grid-column:span 6}.wide,.side{grid-column:1/-1}}@media(max-width:580px){.metric{grid-column:1/-1}
.bar-row{grid-template-columns:90px 1fr}.bar-value{grid-column:2}.gallery{grid-template-columns:1fr}}
</style>
</head>
<body><div class="shell"><aside><div class="brand">Transformer Variant Lab<span>STATIC REPORT / OFFLINE</span></div>
<nav><a href="#overview">Overview</a><a href="#comparisons">Comparisons</a><a href="#variants">Variants</a>
<a href="#benchmarks">Inference</a><a href="#probes">Probes</a><a href="#artifacts">Artifacts</a><a href="#provenance">Provenance</a></nav>
<div class="status"><span class="dot"></span>Report embedded</div></aside><main>
<header id="overview"><div class="eyebrow">Controlled architecture study</div><h1>Transformer variants,<br>measured honestly.</h1>
<p class="lede">A serverless view of fixed-data, wall-clock, FLOP, representation, and retrieval results. Every value is embedded in this file.</p>
<div class="grid" id="headline"></div></header>
<section class="section" id="comparisons"><h2>Comparison axes</h2><p class="section-intro">Lower validation loss is better. Error ranges are sample standard deviations across seeds; missing ranges mark incomplete historical diagnostics whose copied logs cannot support independent variability.</p>
<section class="section" id="benchmarks"><h2>Inference & long context</h2><p class="section-intro">Generation throughput, persistent cache storage, and held-out context extrapolation. Unsupported paths remain visible.</p>
<div class="lc-heading"><div><div class="eyebrow">Seed-aware context study</div><h3>Paired tail-token extrapolation</h3></div>
<p>Each curve scores the same final target tokens at every context length. Error bars show sample standard deviation across independent checkpoint seeds.</p></div>
<div class="grid lc-summary" id="longContextSummary"></div>
<div class="card full lc-chart" id="longContextChart"></div>
<div class="card full" style="overflow:auto"><table><thead><tr><th>Variant</th><th>Uncached tok/s</th><th>Cached tok/s</th><th>KV cache</th><th>1K PPL</th><th>2K PPL</th><th>4K PPL</th><th>4K prefill tok/s</th></tr></thead><tbody id="benchmarkRows"></tbody></table></div>
<div class="meta" id="benchmarkLimitations" style="margin-top:14px"></div></section>
<div class="card full"><div class="toolbar"><label for="axis">Axis</label><select id="axis"><option value="fixed_data">Fixed data</option>
<option value="fixed_wallclock">Fixed wall-clock (100%)</option><option value="fixed_flops">Fixed FLOPs</option></select></div><div class="bars" id="bars"></div></div></section>
<section class="section" id="variants"><h2>Variant results</h2><p class="section-intro">Seed-aware final metrics and parameter counts.</p>
<div class="card full" style="overflow:auto"><table><thead><tr><th>Variant</th><th>Val loss</th><th>Perplexity</th><th>ICL α</th><th>Active params</th><th>Total params</th><th>Seeds</th></tr></thead><tbody id="variantRows"></tbody></table></div></section>
<section class="section" id="probes"><h2>Diagnostic probes</h2><p class="section-intro">Aggregated retrieval and representation diagnostics; per-seed provenance remains in the embedded data.</p><div class="probe-grid" id="probeGrid"></div></section>
<section class="section" id="artifacts"><h2>Report artifacts</h2><p class="section-intro">Publication plots embedded as data URIs for true offline use.</p><div class="gallery" id="gallery"></div></section>
<section class="section" id="provenance"><h2>Provenance & limitations</h2><p class="section-intro">Hardware, report time, schema, and experimental validity.</p>
<div class="grid"><div class="card wide"><div class="meta" id="metadata"></div></div><div class="card side" id="parity"></div></div></section>
<footer>Generated by <code>scripts/build_dashboard.py</code>. No server, CDN, tracking, or external runtime.</footer>
</main></div>
<script type="application/json" id="report-data">{"schema_version": 2, "variants": {"alibi": [{"seed_index": 0, "checkpoint_dir": "checkpoints/alibi_main_1B_s137", "val_loss": 3.902782440185547, "perplexity": 49.54009987890016, "flop_breakdown": {"qkv_proj": 38654705664, "attention_score": 25769803776, "attention_output": 12884901888, "ffn": 154618822656, "total": 231928233984}, "metrics": {"val_loss": 3.902782440185547, "perplexity": 49.54009987890016, "icl_exponent": 0.5482296529737842, "icl_fit_params": {"A": 2.599605601422574, "alpha": 0.5482296529737842, "C": 3.7782717047873215, "r_squared": 0.47349135531492126}}}, {"seed_index": 1, "checkpoint_dir": "checkpoints/alibi_main_1B_s2024", "val_loss": 3.904613494873047, "perplexity": 49.630893609778425, "flop_breakdown": {"qkv_proj": 38654705664, "attention_score": 25769803776, "attention_output": 12884901888, "ffn": 154618822656, "total": 231928233984}, "metrics": {"val_loss": 3.904613494873047, "perplexity": 49.630893609778425, "icl_exponent": 0.5490402926017144, "icl_fit_params": {"A": 2.5967361452513575, "alpha": 0.5490402926017144, "C": 3.780740747140625, "r_squared": 0.4701467533287983}}}, {"seed_index": 2, "checkpoint_dir": "checkpoints/alibi_main_1B_s42", "val_loss": 3.9001212120056152, "perplexity": 49.40843763840227, "flop_breakdown": {"qkv_proj": 38654705664, "attention_score": 25769803776, "attention_output": 12884901888, "ffn": 154618822656, "total": 231928233984}, "metrics": {"val_loss": 3.9001212120056152, "perplexity": 49.40843763840227, "icl_exponent": 0.5378906179567133, "icl_fit_params": {"A": 2.570902333890742, "alpha": 0.5378906179567133, "C": 3.7704626317571357, "r_squared": 0.47856854508364244}}}], "gqa": [{"seed_index": 0, "checkpoint_dir": "checkpoints/gqa_main_1B_s137", "val_loss": 3.9543204307556152, "perplexity": 52.16023540576848, "flop_breakdown": {"qkv_proj": 38654705664, "attention_score": 25769803776, "attention_output": 12884901888, "ffn": 154618822656, "total": 231928233984}, "metrics": {"val_loss": 3.9543204307556152, "perplexity": 52.16023540576848, "icl_exponent": 0.545952975094639, "icl_fit_params": {"A": 2.5276108648911557, "alpha": 0.545952975094639, "C": 3.8318775984270435, "r_squared": 0.46073306987959217}}}, {"seed_index": 1, "checkpoint_dir": "checkpoints/gqa_main_1B_s2024", "val_loss": 3.96032977104187, "perplexity": 52.47462770878387, "flop_breakdown": {"qkv_proj": 38654705664, "attention_score": 25769803776, "attention_output": 12884901888, "ffn": 154618822656, "total": 231928233984}, "metrics": {"val_loss": 3.96032977104187, "perplexity": 52.47462770878387, "icl_exponent": 0.5505165424762111, "icl_fit_params": {"A": 2.500800429250601, "alpha": 0.5505165424762111, "C": 3.8419061874095113, "r_squared": 0.45504105723465993}}}, {"seed_index": 2, "checkpoint_dir": "checkpoints/gqa_main_1B_s42", "val_loss": 3.9547312259674072, "perplexity": 52.18166698241227, "flop_breakdown": {"qkv_proj": 38654705664, "attention_score": 25769803776, "attention_output": 12884901888, "ffn": 154618822656, "total": 231928233984}, "metrics": {"val_loss": 3.9547312259674072, "perplexity": 52.18166698241227, "icl_exponent": 0.5530215438323708, "icl_fit_params": {"A": 2.518016266718369, "alpha": 0.5530215438323708, "C": 3.836966761401169, "r_squared": 0.45443466617253925}}}], "modern": [{"seed_index": 0, "checkpoint_dir": "checkpoints/modern_main_1B_s137", "val_loss": 3.620598793029785, "perplexity": 37.35993199250109, "flop_breakdown": {"qkv_proj": 38654705664, "attention_score": 25769803776, "attention_output": 12884901888, "ffn": 154618822656, "total": 231928233984}, "metrics": {"val_loss": 3.620598793029785, "perplexity": 37.35993199250109, "icl_exponent": 0.558730404528894, "icl_fit_params": {"A": 2.9862168999488503, "alpha": 0.558730404528894, "C": 3.4848327980202, "r_squared": 0.539670420094376}}}, {"seed_index": 1, "checkpoint_dir": "checkpoints/modern_main_1B_s2024", "val_loss": 3.618257522583008, "perplexity": 37.2725646030859, "flop_breakdown": {"qkv_proj": 38654705664, "attention_score": 25769803776, "attention_output": 12884901888, "ffn": 154618822656, "total": 231928233984}, "metrics": {"val_loss": 3.618257522583008, "perplexity": 37.2725646030859, "icl_exponent": 0.5574612625761032, "icl_fit_params": {"A": 2.940432161140263, "alpha": 0.5574612625761032, "C": 3.48373087460768, "r_squared": 0.5378538849325034}}}, {"seed_index": 2, "checkpoint_dir": "checkpoints/modern_main_1B_s42", "val_loss": 3.6138174533843994, "perplexity": 37.10743869354822, "flop_breakdown": {"qkv_proj": 38654705664, "attention_score": 25769803776, "attention_output": 12884901888, "ffn": 154618822656, "total": 231928233984}, "metrics": {"val_loss": 3.6138174533843994, "perplexity": 37.10743869354822, "icl_exponent": 0.5497570964526353, "icl_fit_params": {"A": 2.9102002988658944, "alpha": 0.5497570964526353, "C": 3.4754857621424753, "r_squared": 0.5363592830086856}}}], "moe_deep": [{"seed_index": 0, "checkpoint_dir": "checkpoints/moe_deep_main_1B_s137", "val_loss": 3.4834682941436768, "perplexity": 32.572497395787266, "flop_breakdown": {"qkv_proj": 38654705664, "attention_score": 25769803776, "attention_output": 12884901888, "ffn": 154618822656, "total": 231928233984}, "metrics": {"val_loss": 3.4834682941436768, "perplexity": 32.57249739578727, "icl_exponent": 0.5731856317251205, "icl_fit_params": {"A": 3.032470986005943, "alpha": 0.5731856317251205, "C": 3.3550746411886987, "r_squared": 0.5447625118780116}}}, {"seed_index": 1, "checkpoint_dir": "checkpoints/moe_deep_main_1B_s2024", "val_loss": 3.4848556518554688, "perplexity": 32.617718462886415, "flop_breakdown": {"qkv_proj": 38654705664, "attention_score": 25769803776, "attention_output": 12884901888, "ffn": 154618822656, "total": 231928233984}, "metrics": {"val_loss": 3.4848556518554688, "perplexity": 32.617718462886415, "icl_exponent": 0.5682113636779121, "icl_fit_params": {"A": 3.0033138862854827, "alpha": 0.5682113636779121, "C": 3.354551528806145, "r_squared": 0.5404068540426565}}}, {"seed_index": 2, "checkpoint_dir": "checkpoints/moe_deep_main_1B_s42", "val_loss": 3.4854204654693604, "perplexity": 32.636146598069246, "flop_breakdown": {"qkv_proj": 38654705664, "attention_score": 25769803776, "attention_output": 12884901888, "ffn": 154618822656, "total": 231928233984}, "metrics": {"val_loss": 3.4854204654693604, "perplexity": 32.636146598069246, "icl_exponent": 0.5712731412895138, "icl_fit_params": {"A": 3.015943607080733, "alpha": 0.5712731412895138, "C": 3.356522564767473, "r_squared": 0.5448968450884628}}}], "moe_interleaved": [{"seed_index": 0, "checkpoint_dir": "checkpoints/moe_interleaved_main_1B_s137", "val_loss": 3.48659086227417, "perplexity": 32.674366201456905, "flop_breakdown": {"qkv_proj": 38654705664, "attention_score": 25769803776, "attention_output": 12884901888, "ffn": 154618822656, "total": 231928233984}, "metrics": {"val_loss": 3.48659086227417, "perplexity": 32.674366201456905, "icl_exponent": 0.5684500059183073, "icl_fit_params": {"A": 2.99861438248807, "alpha": 0.5684500059183073, "C": 3.3566430925492705, "r_squared": 0.5362180514575268}}}, {"seed_index": 1, "checkpoint_dir": "checkpoints/moe_interleaved_main_1B_s2024", "val_loss": 3.478193998336792, "perplexity": 32.40115266795094, "flop_breakdown": {"qkv_proj": 38654705664, "attention_score": 25769803776, "attention_output": 12884901888, "ffn": 154618822656, "total": 231928233984}, "metrics": {"val_loss": 3.478193998336792, "perplexity": 32.40115266795094, "icl_exponent": 0.5704989207068258, "icl_fit_params": {"A": 3.073693308174122, "alpha": 0.5704989207068258, "C": 3.3463275632480203, "r_squared": 0.5567117059533624}}}, {"seed_index": 2, "checkpoint_dir": "checkpoints/moe_interleaved_main_1B_s42", "val_loss": 3.483058452606201, "perplexity": 32.55915056860407, "flop_breakdown": {"qkv_proj": 38654705664, "attention_score": 25769803776, "attention_output": 12884901888, "ffn": 154618822656, "total": 231928233984}, "metrics": {"val_loss": 3.483058452606201, "perplexity": 32.55915056860407, "icl_exponent": 0.5717047515249457, "icl_fit_params": {"A": 3.039121118420597, "alpha": 0.5717047515249457, "C": 3.3534448353209423, "r_squared": 0.5433689551959495}}}], "moe": [{"seed_index": 0, "checkpoint_dir": "checkpoints/moe_main_1B_s137", "val_loss": 3.430716037750244, "perplexity": 30.898759508758864, "flop_breakdown": {"qkv_proj": 38654705664, "attention_score": 25769803776, "attention_output": 12884901888, "ffn": 154618822656, "total": 231928233984}, "metrics": {"val_loss": 3.430716037750244, "perplexity": 30.898759508758864, "icl_exponent": 0.5725879304641754, "icl_fit_params": {"A": 3.0835402865692205, "alpha": 0.5725879304641754, "C": 3.2997766914760662, "r_squared": 0.5566920961557916}}}, {"seed_index": 1, "checkpoint_dir": "checkpoints/moe_main_1B_s2024", "val_loss": 3.4286046028137207, "perplexity": 30.83358761575493, "flop_breakdown": {"qkv_proj": 38654705664, "attention_score": 25769803776, "attention_output": 12884901888, "ffn": 154618822656, "total": 231928233984}, "metrics": {"val_loss": 3.4286046028137207, "perplexity": 30.83358761575493, "icl_exponent": 0.5743910996527828, "icl_fit_params": {"A": 3.054120570534923, "alpha": 0.5743910996527828, "C": 3.3000560203989457, "r_squared": 0.5453939981548372}}}, {"seed_index": 2, "checkpoint_dir": "checkpoints/moe_main_1B_s42", "val_loss": 3.428410291671753, "perplexity": 30.827596888185756, "flop_breakdown": {"qkv_proj": 38654705664, "attention_score": 25769803776, "attention_output": 12884901888, "ffn": 154618822656, "total": 231928233984}, "metrics": {"val_loss": 3.428410291671753, "perplexity": 30.827596888185756, "icl_exponent": 0.5740030215632205, "icl_fit_params": {"A": 3.0791004347348734, "alpha": 0.5740030215632205, "C": 3.298563897418571, "r_squared": 0.554842154554307}}}], "swa_interleaved": [{"seed_index": 0, "checkpoint_dir": "checkpoints/swa_interleaved_main_1B_s137", "val_loss": 3.9284873008728027, "perplexity": 50.83002894332143, "flop_breakdown": {"qkv_proj": 38654705664, "attention_score": 25769803776, "attention_output": 12884901888, "ffn": 154618822656, "total": 231928233984}, "metrics": {"val_loss": 3.9284873008728027, "perplexity": 50.83002894332143, "icl_exponent": 0.5655067296943526, "icl_fit_params": {"A": 2.5668167078284, "alpha": 0.5655067296943526, "C": 3.8156283972759892, "r_squared": 0.45735770054732994}}}, {"seed_index": 1, "checkpoint_dir": "checkpoints/swa_interleaved_main_1B_s2024", "val_loss": 3.926055669784546, "perplexity": 50.70657921764934, "flop_breakdown": {"qkv_proj": 38654705664, "attention_score": 25769803776, "attention_output": 12884901888, "ffn": 154618822656, "total": 231928233984}, "metrics": {"val_loss": 3.926055669784546, "perplexity": 50.70657921764934, "icl_exponent": 0.5570113395505727, "icl_fit_params": {"A": 2.5573768456606376, "alpha": 0.5570113395505727, "C": 3.8087932100332917, "r_squared": 0.45905269845926355}}}, {"seed_index": 2, "checkpoint_dir": "checkpoints/swa_interleaved_main_1B_s42", "val_loss": 3.945359945297241, "perplexity": 51.69494211499995, "flop_breakdown": {"qkv_proj": 38654705664, "attention_score": 25769803776, "attention_output": 12884901888, "ffn": 154618822656, "total": 231928233984}, "metrics": {"val_loss": 3.945359945297241, "perplexity": 51.69494211499995, "icl_exponent": 0.604589024901619, "icl_fit_params": {"A": 2.593862323964865, "alpha": 0.604589024901619, "C": 3.8510699854127735, "r_squared": 0.4374977679259221}}}], "swa": [{"seed_index": 0, "checkpoint_dir": "checkpoints/swa_main_1B_s137", "val_loss": 3.9442009925842285, "perplexity": 51.635064825762264, "flop_breakdown": {"qkv_proj": 38654705664, "attention_score": 6442450944, "attention_output": 12884901888, "ffn": 154618822656, "total": 212600881152}, "metrics": {"val_loss": 3.9442009925842285, "perplexity": 51.635064825762264, "icl_exponent": 0.6130484928468267, "icl_fit_params": {"A": 2.5738890077423413, "alpha": 0.6130484928468267, "C": 3.8543552682097126, "r_squared": 0.4335056762842693}}}, {"seed_index": 1, "checkpoint_dir": "checkpoints/swa_main_1B_s2024", "val_loss": 3.946014404296875, "perplexity": 51.728785408418666, "flop_breakdown": {"qkv_proj": 38654705664, "attention_score": 6442450944, "attention_output": 12884901888, "ffn": 154618822656, "total": 212600881152}, "metrics": {"val_loss": 3.946014404296875, "perplexity": 51.728785408418666, "icl_exponent": 0.61000014400088, "icl_fit_params": {"A": 2.586835075554879, "alpha": 0.61000014400088, "C": 3.8543899838715583, "r_squared": 0.4353957404784644}}}, {"seed_index": 2, "checkpoint_dir": "checkpoints/swa_main_1B_s42", "val_loss": 3.937875986099243, "perplexity": 51.30950338037228, "flop_breakdown": {"qkv_proj": 38654705664, "attention_score": 6442450944, "attention_output": 12884901888, "ffn": 154618822656, "total": 212600881152}, "metrics": {"val_loss": 3.937875986099243, "perplexity": 51.30950338037228, "icl_exponent": 0.6095474418511209, "icl_fit_params": {"A": 2.6459617551070425, "alpha": 0.6095474418511209, "C": 3.843953925283219, "r_squared": 0.444495314466558}}}], "vanilla": [{"seed_index": 0, "checkpoint_dir": "checkpoints/vanilla_main_1B_s137", "val_loss": 3.699305534362793, "perplexity": 40.4192248483282, "flop_breakdown": {"qkv_proj": 38654705664, "attention_score": 25769803776, "attention_output": 12884901888, "ffn": 103079215104, "total": 180388626432}, "metrics": {"val_loss": 3.699305534362793, "perplexity": 40.4192248483282, "icl_exponent": 0.5298432550508072, "icl_fit_params": {"A": 2.79550146230151, "alpha": 0.5298432550508072, "C": 3.5525097058959303, "r_squared": 0.5337665000489626}}}, {"seed_index": 1, "checkpoint_dir": "checkpoints/vanilla_main_1B_s2024", "val_loss": 3.6945929527282715, "perplexity": 40.229194071092, "flop_breakdown": {"qkv_proj": 38654705664, "attention_score": 25769803776, "attention_output": 12884901888, "ffn": 103079215104, "total": 180388626432}, "metrics": {"val_loss": 3.6945929527282715, "perplexity": 40.229194071092, "icl_exponent": 0.5385554815325323, "icl_fit_params": {"A": 2.855853041523964, "alpha": 0.5385554815325323, "C": 3.551042170560755, "r_squared": 0.5348105370933549}}}, {"seed_index": 2, "checkpoint_dir": "checkpoints/vanilla_main_1B_s42", "val_loss": 3.7014427185058594, "perplexity": 40.50570054908207, "flop_breakdown": {"qkv_proj": 38654705664, "attention_score": 25769803776, "attention_output": 12884901888, "ffn": 103079215104, "total": 180388626432}, "metrics": {"val_loss": 3.7014427185058594, "perplexity": 40.50570054908207, "icl_exponent": 0.5281585897628727, "icl_fit_params": {"A": 2.8268773860739516, "alpha": 0.5281585897628727, "C": 3.551736139727102, "r_squared": 0.5346382645103245}}}], "linear": [{"seed_index": 0, "checkpoint_dir": "checkpoints/linear_main_1B_fixed_s137", "val_loss": 3.8332929611206055, "perplexity": 46.21447039779912, "flop_breakdown": {"qkv_proj": 38654705664, "attention_score": 3246391296, "attention_output": 12884901888, "ffn": 154618822656, "total": 209404821504}, "metrics": {"val_loss": 3.8332929611206055, "perplexity": 46.21447039779912, "icl_exponent": 0.6550704527972387, "icl_fit_params": {"A": 2.7560855139559273, "alpha": 0.6550704527972387, "C": 3.7543650818059158, "r_squared": 0.45466333169769857}}}, {"seed_index": 1, "checkpoint_dir": "checkpoints/linear_main_1B_fixed_s2024", "val_loss": 3.833010673522949, "perplexity": 46.20142646713011, "flop_breakdown": {"qkv_proj": 38654705664, "attention_score": 3246391296, "attention_output": 12884901888, "ffn": 154618822656, "total": 209404821504}, "metrics": {"val_loss": 3.833010673522949, "perplexity": 46.20142646713011, "icl_exponent": 0.6455550271625454, "icl_fit_params": {"A": 2.742099688878316, "alpha": 0.6455550271625454, "C": 3.750925935663019, "r_squared": 0.45493473832331244}}}, {"seed_index": 2, "checkpoint_dir": "checkpoints/linear_main_1B_fixed_s42", "val_loss": 3.837040901184082, "perplexity": 46.38800445740575, "flop_breakdown": {"qkv_proj": 38654705664, "attention_score": 3246391296, "attention_output": 12884901888, "ffn": 154618822656, "total": 209404821504}, "metrics": {"val_loss": 3.837040901184082, "perplexity": 46.38800445740575, "icl_exponent": 0.6408744017585234, "icl_fit_params": {"A": 2.7173299682754473, "alpha": 0.6408744017585234, "C": 3.7538960237639016, "r_squared": 0.4526604976789108}}}]}, "aggregated": {"alibi": {"icl_alpha": {"mean": 0.545053521177404, "std": 0.006216483818311445}, "perplexity": {"mean": 49.526477042360284, "std": 0.11185191574922364}, "step_flops": {"mean": 231928233984.0, "std": 0.0}, "val_loss": {"mean": 3.90250571568807, "std": 0.002258889921152196}}, "gqa": {"icl_alpha": {"mean": 0.5498303538010737, "std": 0.003583895530484232}, "perplexity": {"mean": 52.27217669898821, "std": 0.17565487936525606}, "step_flops": {"mean": 231928233984.0, "std": 0.0}, "val_loss": {"mean": 3.956460475921631, "std": 0.0033571970037723892}}, "modern": {"icl_alpha": {"mean": 0.5553162545192109, "std": 0.004856012678212695}, "perplexity": {"mean": 37.2466450963784, "std": 0.12822668257814313}, "step_flops": {"mean": 231928233984.0, "std": 0.0}, "val_loss": {"mean": 3.617557922999064, "std": 0.003444375346838776}}, "moe_deep": {"icl_alpha": {"mean": 0.5708900455641822, "std": 0.0025091646822090084}, "perplexity": {"mean": 32.60878748558098, "std": 0.03275098478680503}, "step_flops": {"mean": 231928233984.0, "std": 0.0}, "val_loss": {"mean": 3.484581470489502, "std": 0.0010045520331410781}}, "moe_interleaved": {"icl_alpha": {"mean": 0.570217892716693, "std": 0.0016454709931845066}, "perplexity": {"mean": 32.54488981267064, "std": 0.1371639004714748}, "step_flops": {"mean": 231928233984.0, "std": 0.0}, "val_loss": {"mean": 3.482614437739054, "std": 0.004216004375874751}}, "moe": {"icl_alpha": {"mean": 0.5736606838933929, "std": 0.0009490790751159496}, "perplexity": {"mean": 30.85331467089985, "std": 0.03947020610822938}, "step_flops": {"mean": 231928233984.0, "std": 0.0}, "val_loss": {"mean": 3.4292436440785727, "std": 0.0012788262384925582}}, "swa_interleaved": {"icl_alpha": {"mean": 0.5757023647155147, "std": 0.02537463824282731}, "perplexity": {"mean": 51.077183425323575, "std": 0.5385436915377722}, "step_flops": {"mean": 231928233984.0, "std": 0.0}, "val_loss": {"mean": 3.9333009719848633, "std": 0.010513911519925714}}, "swa": {"icl_alpha": {"mean": 0.6108653595662759, "std": 0.0019041502040505406}, "perplexity": {"mean": 51.5577845381844, "std": 0.22006484702641851}, "step_flops": {"mean": 212600881152.0, "std": 0.0}, "val_loss": {"mean": 3.9426971276601157, "std": 0.004272548416620835}}, "vanilla": {"icl_alpha": {"mean": 0.5321857754487374, "std": 0.005580268002394088}, "perplexity": {"mean": 40.38470648950076, "std": 0.14144820930193147}, "step_flops": {"mean": 180388626432.0, "std": 0.0}, "val_loss": {"mean": 3.698447068532308, "std": 0.003504646271528172}}, "linear": {"icl_alpha": {"mean": 0.6471666272394359, "std": 0.007233941344753062}, "perplexity": {"mean": 46.267967107444996, "std": 0.10415978144670439}, "step_flops": {"mean": 209404821504.0, "std": 0.0}, "val_loss": {"mean": 3.8344481786092124, "std": 0.0022497953983923106}}}, "comparison": {"fixed_data": {"alibi": {"mean": 3.90250571568807, "std": 0.002258889921152196, "n": 3}, "gqa": {"mean": 3.956460475921631, "std": 0.0033571970037723892, "n": 3}, "modern": {"mean": 3.617557922999064, "std": 0.003444375346838776, "n": 3}, "moe_deep": {"mean": 3.484581470489502, "std": 0.0010045520331410781, "n": 3}, "moe_interleaved": {"mean": 3.482614437739054, "std": 0.004216004375874751, "n": 3}, "moe": {"mean": 3.4292436440785727, "std": 0.0012788262384925582, "n": 3}, "swa_interleaved": {"mean": 3.9333009719848633, "std": 0.010513911519925714, "n": 3}, "swa": {"mean": 3.9426971276601157, "std": 0.004272548416620835, "n": 3}, "vanilla": {"mean": 3.698447068532308, "std": 0.003504646271528172, "n": 3}, "linear": {"mean": 3.8344481786092124, "std": 0.0022497953983923106, "n": 3}}, "fixed_wallclock": {"alibi": {"0.25": {"mean": 4.179152185336605, "std": null, "n": 3}, "0.5": {"mean": 4.042824360473233, "std": null, "n": 3}, "0.75": {"mean": 3.938538745062259, "std": null, "n": 3}, "1.0": {"mean": 3.8407826905520657, "std": null, "n": 3}}, "gqa": {"0.25": {"mean": 4.269471054236285, "std": null, "n": 3}, "0.5": {"mean": 4.114041358120585, "std": null, "n": 3}, "0.75": {"mean": 4.027899432370283, "std": null, "n": 3}, "1.0": {"mean": 3.9099250706017497, "std": null, "n": 3}}, "modern": {"0.25": {"mean": 4.103194109739443, "std": null, "n": 3}, "0.5": {"mean": 3.7886025792763385, "std": null, "n": 3}, "0.75": {"mean": 3.768690143099343, "std": null, "n": 3}, "1.0": {"mean": 3.5833757602836998, "std": null, "n": 3}}, "moe_deep": {"0.25": {"mean": 4.4249677863161825, "std": null, "n": 3}, "0.5": {"mean": 3.992149323273484, "std": null, "n": 3}, "0.75": {"mean": 3.811096376477343, "std": null, "n": 3}, "1.0": {"mean": 3.661588806809068, "std": null, "n": 3}}, "moe_interleaved": {"0.25": {"mean": 4.427071324732502, "std": null, "n": 3}, "0.5": {"mean": 3.9750381999556414, "std": null, "n": 3}, "0.75": {"mean": 3.8028730800937525, "std": null, "n": 3}, "1.0": {"mean": 3.6548805731252876, "std": null, "n": 3}}, "moe": {"0.25": {"mean": 4.540275757135158, "std": null, "n": 3}, "0.5": {"mean": 4.058654688365989, "std": null, "n": 3}, "0.75": {"mean": 3.827306042999123, "std": null, "n": 3}, "1.0": {"mean": 3.746654931874342, "std": null, "n": 3}}, "swa_interleaved": {"0.25": {"mean": 4.239188067442631, "std": null, "n": 3}, "0.5": {"mean": 4.087485578219701, "std": null, "n": 3}, "0.75": {"mean": 4.011655334368291, "std": null, "n": 3}, "1.0": {"mean": 3.876368311872667, "std": null, "n": 3}}, "swa": {"0.25": {"mean": 4.232271162551591, "std": null, "n": 3}, "0.5": {"mean": 4.088417061168417, "std": null, "n": 3}, "0.75": {"mean": 3.9823335005282643, "std": null, "n": 3}, "1.0": {"mean": 3.8777018427848815, "std": null, "n": 3}}, "vanilla": {"0.25": {"mean": 4.432431059001166, "std": null, "n": 3}, "0.5": {"mean": 4.0368726815390055, "std": null, "n": 3}, "0.75": {"mean": 3.998512779339985, "std": null, "n": 3}, "1.0": {"mean": 3.941798111801234, "std": null, "n": 3}}, "linear": {"0.25": {"mean": 4.588003732689057, "std": 0.008193561627862627, "n": 3}, "0.5": {"mean": 4.196093535031911, "std": 0.010572932071650892, "n": 3}, "0.75": {"mean": 4.1048983077459935, "std": 0.03185289333406642, "n": 3}, "1.0": {"mean": 3.9170670410747754, "std": 0.08180236434807743, "n": 3}}}, "fixed_flops": {"alibi": {"mean": 3.858745849132538, "std": null, "n": 3}, "gqa": {"mean": 3.9210144321123757, "std": null, "n": 3}, "modern": {"mean": 3.6082017183303834, "std": null, "n": 3}, "moe_deep": {"mean": 3.4792041420936584, "std": null, "n": 3}, "moe_interleaved": {"mean": 3.4732081333796185, "std": null, "n": 3}, "moe": {"mean": 3.428051817417144, "std": null, "n": 3}, "swa_interleaved": {"mean": 3.8829290509223937, "std": null, "n": 3}, "swa": {"mean": 3.9029055118560785, "std": null, "n": 3}, "vanilla": {"mean": 3.698447068532308, "std": 0.003504646271528172, "n": 3}, "linear": {"mean": 3.80014847937873, "std": 0.0012816602069016159, "n": 3}}, "pareto_front": ["moe", "vanilla"], "parameter_counts": {"alibi": 51430400, "gqa": 48284672, "modern": 51430400, "moe_deep": 60097536, "moe_interleaved": 60097536, "moe": 68764672, "swa_interleaved": 51430400, "swa": 51430400, "vanilla": 51430400, "linear": 51430400}, "parameter_parity_valid": false, "total_parameter_counts": {"alibi": 51430400, "gqa": 48284672, "modern": 51430400, "moe_deep": 112002048, "moe_interleaved": 112002048, "moe": 172573696, "swa_interleaved": 51430400, "swa": 51430400, "vanilla": 51430400, "linear": 51430400}}, "probes": {"aggregated": {"alibi": {"mqar": {"accuracy": 0.0, "accuracy_by_distance": {"1009": 0.0, "1010": 0.0, "1011": 0.0, "1012": 0.0, "1013": 0.0, "1014": 0.0, "1015": 0.0, "1016": 0.0}, "accuracy_std": 0.0, "accuracy_by_distance_std": {"1009": 0.0, "1010": 0.0, "1011": 0.0, "1012": 0.0, "1013": 0.0, "1014": 0.0, "1015": 0.0, "1016": 0.0}}, "stable_rank": {"per_layer": [13.430475704782289, 17.134060903934216, 12.04060989239607, 15.040889419238544, 20.18968867105632, 19.613246092053163, 15.237474792026573, 8.658791627479369], "mean": 15.168154637870819, "std": 0.5131728186605288, "per_layer_std": [0.3325799810144313, 0.665415522315929, 1.797818185082212, 2.359579703093453, 0.9266105985355925, 0.1257310829791554, 0.6004114526348339, 0.03765322192682356]}, "cka": {"adjacent_curve": [0.8828214829484748, 0.7072038918939634, 0.9109784943051699, 0.8662325725896113, 0.8502901990261528, 0.8687290679712326, 0.866404933397428], "full_matrix": [[1.0, 0.8828214829484748, 0.5155467804673625, 0.540182877842053, 0.5756420256081265, 0.5392947445563281, 0.46360552867159893, 0.35108932963775547], [0.8828214829484748, 1.0, 0.7072038918939634, 0.7122035491355815, 0.7066101008279247, 0.622574659635866, 0.5219601520497107, 0.4020830071612697], [0.5155467804673625, 0.7072038918939634, 1.0, 0.9109784943051699, 0.7470500517215927, 0.5455573437490325, 0.42400588680240126, 0.3365217145022579], [0.540182877842053, 0.7122035491355815, 0.9109784943051699, 1.0, 0.8662325725896113, 0.6748397373425523, 0.5287040630573302, 0.4134677796127848], [0.5756420256081265, 0.7066101008279247, 0.7470500517215927, 0.8662325725896113, 1.0, 0.8502901990261528, 0.7008751212367882, 0.5518331739755121], [0.5392947445563281, 0.622574659635866, 0.5455573437490325, 0.6748397373425523, 0.8502901990261528, 1.0, 0.8687290679712326, 0.7131940871464714], [0.46360552867159893, 0.5219601520497107, 0.42400588680240126, 0.5287040630573302, 0.7008751212367882, 0.8687290679712326, 1.0, 0.866404933397428], [0.35108932963775547, 0.4020830071612697, 0.3365217145022579, 0.4134677796127848, 0.5518331739755121, 0.7131940871464714, 0.866404933397428, 1.0]], "adjacent_curve_std": [0.03181011770748603, 0.08112382320543536, 0.027940265563885, 0.026578495939477146, 0.028047711284557547, 0.019099206139415008, 0.0036373576734680265], "full_matrix_std": [[0.0, 0.03181011770748603, 0.05162839064635807, 0.0550249967430901, 0.02169399918885622, 0.009120896255762954, 0.0015577259408554333, 0.000503285575180693], [0.03181011770748603, 0.0, 0.08112382320543536, 0.09826724068690579, 0.04124077899863897, 0.01959679029885597, 0.0015364444260170952, 0.003415481694162085], [0.05162839064635807, 0.08112382320543536, 0.0, 0.027940265563885, 0.026003410798090563, 0.04729894273561498, 0.017426118430619367, 0.01799078703925253], [0.0550249967430901, 0.09826724068690579, 0.027940265563885, 0.0, 0.026578495939477146, 0.06464726767569935, 0.05377096289348336, 0.04455455684133816], [0.02169399918885622, 0.04124077899863897, 0.026003410798090563, 0.026578495939477146, 0.0, 0.028047711284557547, 0.004584749868680914, 0.008327009236438], [0.009120896255762954, 0.01959679029885597, 0.04729894273561498, 0.06464726767569935, 0.028047711284557547, 0.0, 0.019099206139415008, 0.024590320614898332], [0.0015577259408554333, 0.0015364444260170952, 0.017426118430619367, 0.05377096289348336, 0.004584749868680914, 0.019099206139415008, 0.0, 0.0036373576734680265], [0.000503285575180693, 0.003415481694162085, 0.01799078703925253, 0.04455455684133816, 0.008327009236438, 0.024590320614898332, 0.0036373576734680265, 0.0]]}, "attention_entropy": null, "n": 3}, "gqa": {"mqar": {"accuracy": 0.0, "accuracy_by_distance": {"1009": 0.0, "1010": 0.0, "1011": 0.0, "1012": 0.0, "1013": 0.0, "1014": 0.0, "1015": 0.0, "1016": 0.0}, "accuracy_std": 0.0, "accuracy_by_distance_std": {"1009": 0.0, "1010": 0.0, "1011": 0.0, "1012": 0.0, "1013": 0.0, "1014": 0.0, "1015": 0.0, "1016": 0.0}}, "stable_rank": {"per_layer": [14.154050514993534, 11.137490139305626, 6.947527546452169, 8.936657372332379, 9.941603793245497, 12.370408937307381, 11.548584866318643, 8.334664161902445], "mean": 10.42137341648221, "std": 0.29764098701531266, "per_layer_std": [0.34362140046909784, 0.5371714253892522, 0.31773985522819903, 1.0967973938208506, 1.5266691938950898, 1.1069416108468728, 0.9985221542274533, 0.05101259683425785]}, "cka": {"adjacent_curve": [0.9292586449520636, 0.9178217614890416, 0.8503718592376077, 0.8219676713448697, 0.793111072899566, 0.8255422133106126, 0.7148370268799353], "full_matrix": [[1.0, 0.9292586449520636, 0.8242712802882708, 0.6360946821430992, 0.44569224715436606, 0.5127823140088159, 0.4631878109135609, 0.2958948017452128], [0.9292586449520636, 1.0, 0.9178217614890416, 0.7509300486376739, 0.5476766329229715, 0.6009232495236284, 0.5298607184407367, 0.33686158602782545], [0.8242712802882708, 0.9178217614890416, 1.0, 0.8503718592376077, 0.6613271772399089, 0.6828067129302179, 0.5801042552818405, 0.3637609605708246], [0.6360946821430992, 0.7509300486376739, 0.8503718592376077, 1.0, 0.8219676713448697, 0.7552767360197331, 0.5976230651992908, 0.3584613178976974], [0.44569224715436606, 0.5476766329229715, 0.6613271772399089, 0.8219676713448697, 1.0, 0.793111072899566, 0.5724804815406421, 0.3333269668682138], [0.5127823140088159, 0.6009232495236284, 0.6828067129302179, 0.7552767360197331, 0.793111072899566, 1.0, 0.8255422133106126, 0.5462521975700194], [0.4631878109135609, 0.5298607184407367, 0.5801042552818405, 0.5976230651992908, 0.5724804815406421, 0.8255422133106126, 1.0, 0.7148370268799353], [0.2958948017452128, 0.33686158602782545, 0.3637609605708246, 0.3584613178976974, 0.3333269668682138, 0.5462521975700194, 0.7148370268799353, 1.0]], "adjacent_curve_std": [0.010508470681392218, 0.010294165556855275, 0.07027861558030797, 0.07189758863022022, 0.043956198432516184, 0.030251463078324062, 0.045678101009391486], "full_matrix_std": [[0.0, 0.010508470681392218, 0.005306649538022507, 0.09753732326214896, 0.09999227305465577, 0.03429702247370726, 0.02763105717517472, 0.0063672026589625015], [0.010508470681392218, 0.0, 0.010294165556855275, 0.061460620316480225, 0.1305359871013325, 0.04562119585359752, 0.03247508543042261, 0.008146899755958828], [0.005306649538022507, 0.010294165556855275, 0.0, 0.07027861558030797, 0.10077257571919528, 0.032189479282522776, 0.03639253834770147, 0.0027733116344638687], [0.09753732326214896, 0.061460620316480225, 0.07027861558030797, 0.0, 0.07189758863022022, 0.04977531462448565, 0.0651117823571378, 0.03715538534998841], [0.09999227305465577, 0.1305359871013325, 0.10077257571919528, 0.07189758863022022, 0.0, 0.043956198432516184, 0.10723140142170454, 0.0910325952937994], [0.03429702247370726, 0.04562119585359752, 0.032189479282522776, 0.04977531462448565, 0.043956198432516184, 0.0, 0.030251463078324062, 0.015070089529639183], [0.02763105717517472, 0.03247508543042261, 0.03639253834770147, 0.0651117823571378, 0.10723140142170454, 0.030251463078324062, 0.0, 0.045678101009391486], [0.0063672026589625015, 0.008146899755958828, 0.0027733116344638687, 0.03715538534998841, 0.0910325952937994, 0.015070089529639183, 0.045678101009391486, 0.0]]}, "attention_entropy": null, "n": 3}, "modern": {"mqar": {"accuracy": 0.0, "accuracy_b