<!doctype html>
<html lang="en">
<head>
<meta charset="utf-8">
<meta name="viewport" content="width=device-width,initial-scale=1">
<title>Transformer Variant Lab — Evaluation Dashboard</title>
<style>
:root{--bg:#071018;--panel:#0d1a24;--panel2:#112431;--line:#203846;--text:#edf7f7;
--muted:#93abb4;--cyan:#5de4c7;--gold:#ffc857;--red:#ff6b6b;--blue:#6ea8fe;--r:16px}
*{box-sizing:border-box}html{scroll-behavior:smooth}body{margin:0;background:radial-gradient(
circle at 82% 2%,#123445 0,transparent 32%),var(--bg);color:var(--text);font:15px/1.55
Inter,ui-sans-serif,system-ui,-apple-system,BlinkMacSystemFont,"Segoe UI",sans-serif}
a{color:inherit}.shell{display:grid;grid-template-columns:230px minmax(0,1fr);min-height:100vh}
aside{position:sticky;top:0;height:100vh;padding:28px 20px;border-right:1px solid var(--line);
background:#071018e8;backdrop-filter:blur(18px)}.brand{font-weight:800;letter-spacing:.04em;font-size:18px}
.brand span{display:block;color:var(--cyan);font:12px/1.4 ui-monospace,monospace;margin-top:5px}
nav{display:grid;gap:7px;margin-top:38px}nav a{text-decoration:none;color:var(--muted);padding:9px 11px;
border-radius:10px}nav a:hover{color:var(--text);background:var(--panel2)}.status{position:absolute;bottom:25px;
font-size:12px;color:var(--muted)}.dot{display:inline-block;width:8px;height:8px;background:var(--cyan);
border-radius:50%;box-shadow:0 0 14px var(--cyan);margin-right:7px}main{padding:42px clamp(24px,5vw,72px) 80px;
max-width:1600px;width:100%}.eyebrow{color:var(--cyan);text-transform:uppercase;letter-spacing:.16em;
font:700 12px ui-monospace,monospace}h1{font-size:clamp(34px,5vw,68px);line-height:1.02;margin:12px 0 18px;
max-width:900px;letter-spacing:-.04em}.lede{color:var(--muted);max-width:760px;font-size:18px}.section{padding-top:82px}
h2{font-size:30px;letter-spacing:-.02em;margin:0 0 8px}.section-intro{color:var(--muted);margin:0 0 26px}
.grid{display:grid;grid-template-columns:repeat(12,1fr);gap:16px}.card{background:linear-gradient(145deg,var(--panel2),
var(--panel));border:1px solid var(--line);border-radius:var(--r);padding:20px;box-shadow:0 18px 55px #0004}
.metric{grid-column:span 3}.metric .label{color:var(--muted);font-size:12px;text-transform:uppercase;
letter-spacing:.1em}.metric .value{font-size:29px;font-weight:760;margin-top:8px}.metric .sub{font-size:12px;
color:var(--muted);margin-top:4px}.wide{grid-column:span 8}.side{grid-column:span 4}.full{grid-column:1/-1}
.toolbar{display:flex;gap:10px;align-items:center;margin-bottom:18px;flex-wrap:wrap}select{background:#07131c;
border:1px solid var(--line);border-radius:10px;color:var(--text);padding:9px 34px 9px 12px}.bars{display:grid;gap:12px}
.bar-row{display:grid;grid-template-columns:145px 1fr 155px;gap:12px;align-items:center}.bar-name{font-weight:650;
white-space:nowrap;overflow:hidden;text-overflow:ellipsis}.track{height:11px;background:#07131c;border-radius:99px;overflow:hidden}
.fill{height:100%;border-radius:99px;background:linear-gradient(90deg,var(--blue),var(--cyan));min-width:3px}
.bar-value{text-align:right;font:12px ui-monospace,monospace;color:var(--muted)}table{width:100%;border-collapse:collapse}
th{text-align:left;color:var(--muted);font-size:11px;text-transform:uppercase;letter-spacing:.09em;padding:10px 12px;
border-bottom:1px solid var(--line)}td{padding:12px;border-bottom:1px solid #20384699}tr:last-child td{border:0}
.pill{display:inline-flex;border:1px solid var(--line);border-radius:99px;padding:4px 9px;font-size:11px;color:var(--muted)}
.pill.good{border-color:#2d806e;color:var(--cyan)}.pill.bad{border-color:#8f4545;color:#ff9e9e}.probe-grid{display:grid;
grid-template-columns:repeat(auto-fit,minmax(220px,1fr));gap:12px}.probe{padding:15px;background:#08151e;border:1px solid var(--line);
border-radius:12px}.probe strong{display:block;font-size:18px;margin:5px 0}.spark{width:100%;height:55px;margin-top:10px}
.gallery{display:grid;grid-template-columns:repeat(auto-fit,minmax(330px,1fr));gap:16px}.figure{margin:0;overflow:hidden;
background:var(--panel);border:1px solid var(--line);border-radius:var(--r)}.figure img{display:block;width:100%;background:white}
.figure figcaption{padding:13px 16px;color:var(--muted);font-size:13px}.empty{padding:24px;color:var(--muted);text-align:center;
border:1px dashed var(--line);border-radius:12px}.meta{font:12px/1.7 ui-monospace,monospace;color:var(--muted);white-space:pre-wrap}
footer{padding-top:72px;color:var(--muted);font-size:12px}@media(max-width:900px){.shell{display:block}aside{position:relative;
height:auto;border-right:0;border-bottom:1px solid var(--line)}nav{display:flex;overflow:auto;margin-top:18px}.status{display:none}
main{padding-top:30px}.metric{grid-column:span 6}.wide,.side{grid-column:1/-1}}@media(max-width:580px){.metric{grid-column:1/-1}
.bar-row{grid-template-columns:90px 1fr}.bar-value{grid-column:2}.gallery{grid-template-columns:1fr}}
</style>
</head>
<body><div class="shell"><aside><div class="brand">Transformer Variant Lab<span>STATIC REPORT / OFFLINE</span></div>
<nav><a href="#overview">Overview</a><a href="#comparisons">Comparisons</a><a href="#variants">Variants</a>
<a href="#benchmarks">Inference</a><a href="#probes">Probes</a><a href="#artifacts">Artifacts</a><a href="#provenance">Provenance</a></nav>
<div class="status"><span class="dot"></span>Report embedded</div></aside><main>
<header id="overview"><div class="eyebrow">Controlled architecture study</div><h1>Transformer variants,<br>measured honestly.</h1>
<p class="lede">A serverless view of fixed-data, wall-clock, FLOP, representation, and retrieval results. Every value is embedded in this file.</p>
<div class="grid" id="headline"></div></header>
<section class="section" id="comparisons"><h2>Comparison axes</h2><p class="section-intro">Lower validation loss is better. Error ranges are sample standard deviations across seeds.</p>
<section class="section" id="benchmarks"><h2>Inference & long context</h2><p class="section-intro">Generation throughput, persistent cache storage, and held-out context extrapolation. Unsupported paths remain visible.</p>
<div class="card full" style="overflow:auto"><table><thead><tr><th>Variant</th><th>Uncached tok/s</th><th>Cached tok/s</th><th>KV cache</th><th>1K PPL</th><th>2K PPL</th><th>4K PPL</th><th>4K prefill tok/s</th></tr></thead><tbody id="benchmarkRows"></tbody></table></div>
<div class="meta" id="benchmarkLimitations" style="margin-top:14px"></div></section>
<div class="card full"><div class="toolbar"><label for="axis">Axis</label><select id="axis"><option value="fixed_data">Fixed data</option>
<option value="fixed_wallclock">Fixed wall-clock (100%)</option><option value="fixed_flops">Fixed FLOPs</option></select></div><div class="bars" id="bars"></div></div></section>
<section class="section" id="variants"><h2>Variant results</h2><p class="section-intro">Seed-aware final metrics and parameter counts.</p>
<div class="card full" style="overflow:auto"><table><thead><tr><th>Variant</th><th>Val loss</th><th>Perplexity</th><th>ICL α</th><th>Active params</th><th>Total params</th><th>Seeds</th></tr></thead><tbody id="variantRows"></tbody></table></div></section>
<section class="section" id="probes"><h2>Diagnostic probes</h2><p class="section-intro">Aggregated retrieval and representation diagnostics; per-seed provenance remains in the embedded data.</p><div class="probe-grid" id="probeGrid"></div></section>
<section class="section" id="artifacts"><h2>Report artifacts</h2><p class="section-intro">Publication plots embedded as data URIs for true offline use.</p><div class="gallery" id="gallery"></div></section>
<section class="section" id="provenance"><h2>Provenance & limitations</h2><p class="section-intro">Hardware, report time, schema, and experimental validity.</p>
<div class="grid"><div class="card wide"><div class="meta" id="metadata"></div></div><div class="card side" id="parity"></div></div></section>
<footer>Generated by <code>scripts/build_dashboard.py</code>. No server, CDN, tracking, or external runtime.</footer>
</main></div>
<script type="application/json" id="report-data">{"schema_version": 2, "variants": {"vanilla": [{"seed_index": 0, "checkpoint_dir": "checkpoints/vanilla_main_1B_s42", "val_loss": 3.6300949096679687, "perplexity": 37.716396097946024, "flop_breakdown": {"qkv_proj": 38654705664, "attention_score": 25769803776, "attention_output": 12884901888, "ffn": 103079215104, "total": 180388626432}, "metrics": {"val_loss": 3.6300949096679687, "perplexity": 37.716396097946024, "icl_exponent": 0.5003685140123808, "icl_fit_params": {"A": 3.2872729600916646, "alpha": 0.5003685140123808, "C": 4.735133153732563, "r_squared": 0.4224895882064488}}}, {"seed_index": 1, "checkpoint_dir": "checkpoints/vanilla_main_1B_s137", "val_loss": 3.6300949096679687, "perplexity": 37.716396097946024, "flop_breakdown": {"qkv_proj": 38654705664, "attention_score": 25769803776, "attention_output": 12884901888, "ffn": 103079215104, "total": 180388626432}, "metrics": {"val_loss": 3.6300949096679687, "perplexity": 37.716396097946024, "icl_exponent": 0.4936930230861736, "icl_fit_params": {"A": 3.303684510183273, "alpha": 0.4936930230861736, "C": 4.708383027854407, "r_squared": 0.42968729652665016}}}, {"seed_index": 2, "checkpoint_dir": "checkpoints/vanilla_main_1B_s2024", "val_loss": 3.6300949096679687, "perplexity": 37.716396097946024, "flop_breakdown": {"qkv_proj": 38654705664, "attention_score": 25769803776, "attention_output": 12884901888, "ffn": 103079215104, "total": 180388626432}, "metrics": {"val_loss": 3.6300949096679687, "perplexity": 37.716396097946024, "icl_exponent": 0.4876129079886142, "icl_fit_params": {"A": 3.2775783947178736, "alpha": 0.4876129079886142, "C": 4.7144958837133855, "r_squared": 0.4204107502414347}}}], "modern": [{"seed_index": 0, "checkpoint_dir": "checkpoints/modern_main_1B_s42", "val_loss": 3.5471063375473024, "perplexity": 34.71272510832047, "flop_breakdown": {"qkv_proj": 38654705664, "attention_score": 25769803776, "attention_output": 12884901888, "ffn": 154618822656, "total": 231928233984}, "metrics": {"val_loss": 3.5471063375473024, "perplexity": 34.71272510832048, "icl_exponent": 0.4651111965859586, "icl_fit_params": {"A": 3.4067867420902975, "alpha": 0.4651111965859586, "C": 4.579733655103548, "r_squared": 0.4381007052603667}}}, {"seed_index": 1, "checkpoint_dir": "checkpoints/modern_main_1B_s137", "val_loss": 3.5471063375473024, "perplexity": 34.71272510832047, "flop_breakdown": {"qkv_proj": 38654705664, "attention_score": 25769803776, "attention_output": 12884901888, "ffn": 154618822656, "total": 231928233984}, "metrics": {"val_loss": 3.5471063375473024, "perplexity": 34.71272510832048, "icl_exponent": 0.47657321605576425, "icl_fit_params": {"A": 3.498622986126402, "alpha": 0.47657321605576425, "C": 4.555991890242619, "r_squared": 0.4635214707540122}}}, {"seed_index": 2, "checkpoint_dir": "checkpoints/modern_main_1B_s2024", "val_loss": 3.5471063375473024, "perplexity": 34.71272510832047, "flop_breakdown": {"qkv_proj": 38654705664, "attention_score": 25769803776, "attention_output": 12884901888, "ffn": 154618822656, "total": 231928233984}, "metrics": {"val_loss": 3.5471063375473024, "perplexity": 34.71272510832048, "icl_exponent": 0.46694603410441476, "icl_fit_params": {"A": 3.4906590287650507, "alpha": 0.46694603410441476, "C": 4.560883073175927, "r_squared": 0.45905471667412023}}}], "alibi": [{"seed_index": 0, "checkpoint_dir": "checkpoints/alibi_main_1B_s42", "val_loss": 3.8407618403434753, "perplexity": 46.56093292835532, "flop_breakdown": {"qkv_proj": 38654705664, "attention_score": 25769803776, "attention_output": 12884901888, "ffn": 154618822656, "total": 231928233984}, "metrics": {"val_loss": 3.8407618403434753, "perplexity": 46.560932928355314, "icl_exponent": 0.48094706505409623, "icl_fit_params": {"A": 3.0941514412118396, "alpha": 0.48094706505409623, "C": 4.883441123557764, "r_squared": 0.3948625623084894}}}, {"seed_index": 1, "checkpoint_dir": "checkpoints/alibi_main_1B_s137", "val_loss": 3.8407618403434753, "perplexity": 46.56093292835532, "flop_breakdown": {"qkv_proj": 38654705664, "attention_score": 25769803776, "attention_output": 12884901888, "ffn": 154618822656, "total": 231928233984}, "metrics": {"val_loss": 3.8407618403434753, "perplexity": 46.560932928355314, "icl_exponent": 0.5106163191464657, "icl_fit_params": {"A": 3.1684064576262103, "alpha": 0.5106163191464657, "C": 4.880843654992216, "r_squared": 0.3897541463351407}}}, {"seed_index": 2, "checkpoint_dir": "checkpoints/alibi_main_1B_s2024", "val_loss": 3.8407618403434753, "perplexity": 46.56093292835532, "flop_breakdown": {"qkv_proj": 38654705664, "attention_score": 25769803776, "attention_output": 12884901888, "ffn": 154618822656, "total": 231928233984}, "metrics": {"val_loss": 3.8407618403434753, "perplexity": 46.560932928355314, "icl_exponent": 0.503794694070422, "icl_fit_params": {"A": 3.1729273656381, "alpha": 0.503794694070422, "C": 4.876910767240472, "r_squared": 0.39531555101803106}}}], "gqa": [{"seed_index": 0, "checkpoint_dir": "checkpoints/gqa_main_1B_s42", "val_loss": 3.903251385688782, "perplexity": 49.563336933998585, "flop_breakdown": {"qkv_proj": 38654705664, "attention_score": 25769803776, "attention_output": 12884901888, "ffn": 154618822656, "total": 231928233984}, "metrics": {"val_loss": 3.903251385688782, "perplexity": 49.56333693399859, "icl_exponent": 0.4942834572567427, "icl_fit_params": {"A": 2.9904345843558215, "alpha": 0.4942834572567427, "C": 4.978846222875576, "r_squared": 0.37346770641439064}}}, {"seed_index": 1, "checkpoint_dir": "checkpoints/gqa_main_1B_s137", "val_loss": 3.903251385688782, "perplexity": 49.563336933998585, "flop_breakdown": {"qkv_proj": 38654705664, "attention_score": 25769803776, "attention_output": 12884901888, "ffn": 154618822656, "total": 231928233984}, "metrics": {"val_loss": 3.903251385688782, "perplexity": 49.56333693399859, "icl_exponent": 0.4953868042335208, "icl_fit_params": {"A": 3.0078369242872256, "alpha": 0.4953868042335208, "C": 4.968486492082222, "r_squared": 0.3667790212471863}}}, {"seed_index": 2, "checkpoint_dir": "checkpoints/gqa_main_1B_s2024", "val_loss": 3.903251385688782, "perplexity": 49.563336933998585, "flop_breakdown": {"qkv_proj": 38654705664, "attention_score": 25769803776, "attention_output": 12884901888, "ffn": 154618822656, "total": 231928233984}, "metrics": {"val_loss": 3.903251385688782, "perplexity": 49.56333693399859, "icl_exponent": 0.522141435694429, "icl_fit_params": {"A": 3.0054533425585404, "alpha": 0.522141435694429, "C": 5.03225850433457, "r_squared": 0.3526638563203831}}}], "swa": [{"seed_index": 0, "checkpoint_dir": "checkpoints/swa_main_1B_s42", "val_loss": 3.8777018427848815, "perplexity": 48.313056391078014, "flop_breakdown": {"qkv_proj": 38654705664, "attention_score": 6442450944, "attention_output": 12884901888, "ffn": 154618822656, "total": 212600881152}, "metrics": {"val_loss": 3.8777018427848815, "perplexity": 48.313056391078014, "icl_exponent": 0.5218041026599838, "icl_fit_params": {"A": 3.1187827100722587, "alpha": 0.5218041026599838, "C": 4.942264402920243, "r_squared": 0.36356281249392}}}, {"seed_index": 1, "checkpoint_dir": "checkpoints/swa_main_1B_s137", "val_loss": 3.8777018427848815, "perplexity": 48.313056391078014, "flop_breakdown": {"qkv_proj": 38654705664, "attention_score": 6442450944, "attention_output": 12884901888, "ffn": 154618822656, "total": 212600881152}, "metrics": {"val_loss": 3.8777018427848815, "perplexity": 48.313056391078014, "icl_exponent": 0.5053209081212602, "icl_fit_params": {"A": 3.117661823973969, "alpha": 0.5053209081212602, "C": 4.914631277689782, "r_squared": 0.3849127655611907}}}, {"seed_index": 2, "checkpoint_dir": "checkpoints/swa_main_1B_s2024", "val_loss": 3.8777018427848815, "perplexity": 48.313056391078014, "flop_breakdown": {"qkv_proj": 38654705664, "attention_score": 6442450944, "attention_output": 12884901888, "ffn": 154618822656, "total": 212600881152}, "metrics": {"val_loss": 3.8777018427848815, "perplexity": 48.313056391078014, "icl_exponent": 0.5239984815399436, "icl_fit_params": {"A": 3.1775667550846527, "alpha": 0.5239984815399436, "C": 4.929517700500217, "r_squared": 0.381528639646317}}}], "swa_interleaved": [{"seed_index": 0, "checkpoint_dir": "checkpoints/swa_interleaved_main_1B_s42", "val_loss": 3.863835024833679, "perplexity": 47.64773166304257, "flop_breakdown": {"qkv_proj": 38654705664, "attention_score": 25769803776, "attention_output": 12884901888, "ffn": 154618822656, "total": 231928233984}, "metrics": {"val_loss": 3.863835024833679, "perplexity": 47.64773166304256, "icl_exponent": 0.5150425174104066, "icl_fit_params": {"A": 3.0802154043898935, "alpha": 0.5150425174104066, "C": 4.936688037417348, "r_squared": 0.36359755018477635}}}, {"seed_index": 1, "checkpoint_dir": "checkpoints/swa_interleaved_main_1B_s137", "val_loss": 3.863835024833679, "perplexity": 47.64773166304257, "flop_breakdown": {"qkv_proj": 38654705664, "attention_score": 25769803776, "attention_output": 12884901888, "ffn": 154618822656, "total": 231928233984}, "metrics": {"val_loss": 3.863835024833679, "perplexity": 47.64773166304256, "icl_exponent": 0.48353336133350466, "icl_fit_params": {"A": 3.022242778920936, "alpha": 0.48353336133350466, "C": 4.907663968192234, "r_squared": 0.38166052437314646}}}, {"seed_index": 2, "checkpoint_dir": "checkpoints/swa_interleaved_main_1B_s2024", "val_loss": 3.863835024833679, "perplexity": 47.64773166304257, "flop_breakdown": {"qkv_proj": 38654705664, "attention_score": 25769803776, "attention_output": 12884901888, "ffn": 154618822656, "total": 231928233984}, "metrics": {"val_loss": 3.863835024833679, "perplexity": 47.64773166304256, "icl_exponent": 0.4831704949001467, "icl_fit_params": {"A": 3.146758664875054, "alpha": 0.4831704949001467, "C": 4.867856235620155, "r_squared": 0.40156039823109735}}}], "moe": [{"seed_index": 0, "checkpoint_dir": "checkpoints/moe_main_1B_s42", "val_loss": 3.3449702858924866, "perplexity": 28.359732969979106, "flop_breakdown": {"qkv_proj": 38654705664, "attention_score": 25769803776, "attention_output": 12884901888, "ffn": 154618822656, "total": 231928233984}, "metrics": {"val_loss": 3.3449702858924866, "perplexity": 28.359732969979106, "icl_exponent": 0.47513613134425353, "icl_fit_params": {"A": 3.618149310867272, "alpha": 0.47513613134425353, "C": 4.4039913175851195, "r_squared": 0.46983680139667594}}}, {"seed_index": 1, "checkpoint_dir": "checkpoints/moe_main_1B_s137", "val_loss": 3.3449702858924866, "perplexity": 28.359732969979106, "flop_breakdown": {"qkv_proj": 38654705664, "attention_score": 25769803776, "attention_output": 12884901888, "ffn": 154618822656, "total": 231928233984}, "metrics": {"val_loss": 3.3449702858924866, "perplexity": 28.359732969979106, "icl_exponent": 0.4921638067201669, "icl_fit_params": {"A": 3.7111998560108774, "alpha": 0.4921638067201669, "C": 4.401791830232264, "r_squared": 0.46472513501459234}}}, {"seed_index": 2, "checkpoint_dir": "checkpoints/moe_main_1B_s2024", "val_loss": 3.3449702858924866, "perplexity": 28.359732969979106, "flop_breakdown": {"qkv_proj": 38654705664, "attention_score": 25769803776, "attention_output": 12884901888, "ffn": 154618822656, "total": 231928233984}, "metrics": {"val_loss": 3.3449702858924866, "perplexity": 28.359732969979106, "icl_exponent": 0.49060892642016046, "icl_fit_params": {"A": 3.6658070945196926, "alpha": 0.49060892642016046, "C": 4.408121472066686, "r_squared": 0.46556115491133454}}}], "moe_interleaved": [{"seed_index": 0, "checkpoint_dir": "checkpoints/moe_interleaved_main_1B_s42", "val_loss": 3.4019081473350523, "perplexity": 30.021330549800204, "flop_breakdown": {"qkv_proj": 38654705664, "attention_score": 25769803776, "attention_output": 12884901888, "ffn": 154618822656, "total": 231928233984}, "metrics": {"val_loss": 3.4019081473350523, "perplexity": 30.021330549800204, "icl_exponent": 0.48764476195696893, "icl_fit_params": {"A": 3.518202609497428, "alpha": 0.48764476195696893, "C": 4.456297160022961, "r_squared": 0.4496499716814857}}}, {"seed_index": 1, "checkpoint_dir": "checkpoints/moe_interleaved_main_1B_s137", "val_loss": 3.4019081473350523, "perplexity": 30.021330549800204, "flop_breakdown": {"qkv_proj": 38654705664, "attention_score": 25769803776, "attention_output": 12884901888, "ffn": 154618822656, "total": 231928233984}, "metrics": {"val_loss": 3.4019081473350523, "perplexity": 30.021330549800204, "icl_exponent": 0.4809418180566529, "icl_fit_params": {"A": 3.487252020561862, "alpha": 0.4809418180566529, "C": 4.464444217766028, "r_squared": 0.45348178853715426}}}, {"seed_index": 2, "checkpoint_dir": "checkpoints/moe_interleaved_main_1B_s2024", "val_loss": 3.4019081473350523, "perplexity": 30.021330549800204, "flop_breakdown": {"qkv_proj": 38654705664, "attention_score": 25769803776, "attention_output": 12884901888, "ffn": 154618822656, "total": 231928233984}, "metrics": {"val_loss": 3.4019081473350523, "perplexity": 30.021330549800204, "icl_exponent": 0.4758666008832275, "icl_fit_params": {"A": 3.5417815410942928, "alpha": 0.4758666008832275, "C": 4.46484000924652, "r_squared": 0.4578929822591289}}}], "moe_deep": [{"seed_index": 0, "checkpoint_dir": "checkpoints/moe_deep_main_1B_s42", "val_loss": 3.4067062854766847, "perplexity": 30.16572317182862, "flop_breakdown": {"qkv_proj": 38654705664, "attention_score": 25769803776, "attention_output": 12884901888, "ffn": 154618822656, "total": 231928233984}, "metrics": {"val_loss": 3.4067062854766847, "perplexity": 30.16572317182862, "icl_exponent": 0.4935412181568133, "icl_fit_params": {"A": 3.506800158860443, "alpha": 0.4935412181568133, "C": 4.478624005158121, "r_squared": 0.44041739208845987}}}, {"seed_index": 1, "checkpoint_dir": "checkpoints/moe_deep_main_1B_s137", "val_loss": 3.4067062854766847, "perplexity": 30.16572317182862, "flop_breakdown": {"qkv_proj": 38654705664, "attention_score": 25769803776, "attention_output": 12884901888, "ffn": 154618822656, "total": 231928233984}, "metrics": {"val_loss": 3.4067062854766847, "perplexity": 30.16572317182862, "icl_exponent": 0.4740486356342544, "icl_fit_params": {"A": 3.5464795616202807, "alpha": 0.4740486356342544, "C": 4.435464880644521, "r_squared": 0.46564185576044415}}}, {"seed_index": 2, "checkpoint_dir": "checkpoints/moe_deep_main_1B_s2024", "val_loss": 3.4067062854766847, "perplexity": 30.16572317182862, "flop_breakdown": {"qkv_proj": 38654705664, "attention_score": 25769803776, "attention_output": 12884901888, "ffn": 154618822656, "total": 231928233984}, "metrics": {"val_loss": 3.4067062854766847, "perplexity": 30.16572317182862, "icl_exponent": 0.4850297507626748, "icl_fit_params": {"A": 3.4901795710399095, "alpha": 0.4850297507626748, "C": 4.458914752064475, "r_squared": 0.44289898350006884}}}], "linear": [{"seed_index": 0, "checkpoint_dir": "checkpoints/linear_main_1B_fixed_s42", "val_loss": 3.756537342071533, "perplexity": 42.79996744991825, "flop_breakdown": {"qkv_proj": 38654705664, "attention_score": 3246391296, "attention_output": 12884901888, "ffn": 154618822656, "total": 209404821504}, "metrics": {"val_loss": 3.756537342071533, "perplexity": 42.79996744991825, "icl_exponent": 0.6206384816127183, "icl_fit_params": {"A": 3.026745409692281, "alpha": 0.6206384816127183, "C": 5.073555695738026, "r_squared": 0.3018832277758724}}}, {"seed_index": 1, "checkpoint_dir": "checkpoints/linear_main_1B_fixed_s137", "val_loss": 3.7544658184051514, "perplexity": 42.71139807287818, "flop_breakdown": {"qkv_proj": 38654705664, "attention_score": 3246391296, "attention_output": 12884901888, "ffn": 154618822656, "total": 209404821504}, "metrics": {"val_loss": 3.7544658184051514, "perplexity": 42.71139807287818, "icl_exponent": 0.7850192074838684, "icl_fit_params": {"A": 3.10845289057011, "alpha": 0.7850192074838684, "C": 5.187972356702453, "r_squared": 0.22865743692710194}}}, {"seed_index": 2, "checkpoint_dir": "checkpoints/linear_main_1B_fixed_s2024", "val_loss": 3.7527190327644346, "perplexity": 42.636855539896715, "flop_breakdown": {"qkv_proj": 38654705664, "attention_score": 3246391296, "attention_output": 12884901888, "ffn": 154618822656, "total": 209404821504}, "metrics": {"val_loss": 3.7527190327644346, "perplexity": 42.636855539896715, "icl_exponent": 0.6771293976883829, "icl_fit_params": {"A": 3.1236675246871743, "alpha": 0.6771293976883829, "C": 5.126134270236424, "r_squared": 0.272290782242284}}}]}, "aggregated": {"vanilla": {"icl_alpha": {"mean": 0.4938914816957229, "std": 0.006380118386297081}, "perplexity": {"mean": 37.716396097946024, "std": 0.0}, "step_flops": {"mean": 180388626432.0, "std": 0.0}, "val_loss": {"mean": 3.6300949096679687, "std": 0.0}}, "modern": {"icl_alpha": {"mean": 0.46954348224871256, "std": 0.006156665106069016}, "perplexity": {"mean": 34.71272510832048, "std": 0.0}, "step_flops": {"mean": 231928233984.0, "std": 0.0}, "val_loss": {"mean": 3.547106337547303, "std": 5.438959822042073e-16}}, "alibi": {"icl_alpha": {"mean": 0.4984526927569946, "std": 0.015539269388355736}, "perplexity": {"mean": 46.56093292835531, "std": 8.702335715267317e-15}, "step_flops": {"mean": 231928233984.0, "std": 0.0}, "val_loss": {"mean": 3.8407618403434753, "std": 0.0}}, "gqa": {"icl_alpha": {"mean": 0.5039372323948975, "std": 0.015774951884737876}, "perplexity": {"mean": 49.56333693399859, "std": 0.0}, "step_flops": {"mean": 231928233984.0, "std": 0.0}, "val_loss": {"mean": 3.903251385688782, "std": 0.0}}, "swa": {"icl_alpha": {"mean": 0.5170411641070625, "std": 0.010209168670697667}, "perplexity": {"mean": 48.313056391078014, "std": 0.0}, "step_flops": {"mean": 212600881152.0, "std": 0.0}, "val_loss": {"mean": 3.8777018427848815, "std": 0.0}}, "swa_interleaved": {"icl_alpha": {"mean": 0.49391545788135266, "std": 0.01829746980514675}, "perplexity": {"mean": 47.647731663042556, "std": 8.702335715267317e-15}, "step_flops": {"mean": 231928233984.0, "std": 0.0}, "val_loss": {"mean": 3.8638350248336786, "std": 5.438959822042073e-16}}, "moe": {"icl_alpha": {"mean": 0.48596962149486034, "std": 0.009414233628889154}, "perplexity": {"mean": 28.359732969979106, "std": 0.0}, "step_flops": {"mean": 231928233984.0, "std": 0.0}, "val_loss": {"mean": 3.3449702858924866, "std": 0.0}}, "moe_interleaved": {"icl_alpha": {"mean": 0.48148439363228307, "std": 0.0059077966079751085}, "perplexity": {"mean": 30.0213305498002, "std": 4.351167857633658e-15}, "step_flops": {"mean": 231928233984.0, "std": 0.0}, "val_loss": {"mean": 3.401908147335052, "std": 5.438959822042073e-16}}, "moe_deep": {"icl_alpha": {"mean": 0.4842065348512475, "std": 0.009772331179268954}, "perplexity": {"mean": 30.16572317182862, "std": 0.0}, "step_flops": {"mean": 231928233984.0, "std": 0.0}, "val_loss": {"mean": 3.406706285476685, "std": 5.438959822042073e-16}}, "linear": {"icl_alpha": {"mean": 0.6942623622616565, "std": 0.08351891771199708}, "perplexity": {"mean": 42.71607368756438, "std": 0.08165641326459688}, "step_flops": {"mean": 209404821504.0, "std": 0.0}, "val_loss": {"mean": 3.7545740644137062, "std": 0.0019114547836516515}}}, "comparison": {"fixed_data": {"vanilla": {"mean": 3.6300949096679687, "std": 0.0, "n": 3}, "modern": {"mean": 3.547106337547303, "std": 5.438959822042073e-16, "n": 3}, "alibi": {"mean": 3.8407618403434753, "std": 0.0, "n": 3}, "gqa": {"mean": 3.903251385688782, "std": 0.0, "n": 3}, "swa": {"mean": 3.8777018427848815, "std": 0.0, "n": 3}, "swa_interleaved": {"mean": 3.8638350248336786, "std": 5.438959822042073e-16, "n": 3}, "moe": {"mean": 3.3449702858924866, "std": 0.0, "n": 3}, "moe_interleaved": {"mean": 3.401908147335052, "std": 5.438959822042073e-16, "n": 3}, "moe_deep": {"mean": 3.406706285476685, "std": 5.438959822042073e-16, "n": 3}, "linear": {"mean": 3.7545740644137062, "std": 0.0019114547836516515, "n": 3}}, "fixed_wallclock": {"vanilla": {"0.25": {"mean": 4.432431059001166, "std": 0.0, "n": 3}, "0.5": {"mean": 4.0368726815390055, "std": 0.0, "n": 3}, "0.75": {"mean": 3.998512779339985, "std": 0.0, "n": 3}, "1.0": {"mean": 3.941798111801234, "std": 0.0, "n": 3}}, "modern": {"0.25": {"mean": 4.103194109739443, "std": 0.0, "n": 3}, "0.5": {"mean": 3.7886025792763385, "std": 5.438959822042073e-16, "n": 3}, "0.75": {"mean": 3.768690143099343, "std": 0.0, "n": 3}, "1.0": {"mean": 3.5833757602836998, "std": 0.0, "n": 3}}, "alibi": {"0.25": {"mean": 4.179152185336605, "std": 0.0, "n": 3}, "0.5": {"mean": 4.042824360473233, "std": 0.0, "n": 3}, "0.75": {"mean": 3.938538745062259, "std": 5.438959822042073e-16, "n": 3}, "1.0": {"mean": 3.8407826905520657, "std": 5.438959822042073e-16, "n": 3}}, "gqa": {"0.25": {"mean": 4.269471054236285, "std": 0.0, "n": 3}, "0.5": {"mean": 4.114041358120585, "std": 0.0, "n": 3}, "0.75": {"mean": 4.027899432370283, "std": 0.0, "n": 3}, "1.0": {"mean": 3.9099250706017497, "std": 0.0, "n": 3}}, "swa": {"0.25": {"mean": 4.232271162551591, "std": 0.0, "n": 3}, "0.5": {"mean": 4.088417061168417, "std": 0.0, "n": 3}, "0.75": {"mean": 3.9823335005282643, "std": 5.438959822042073e-16, "n": 3}, "1.0": {"mean": 3.8777018427848815, "std": 0.0, "n": 3}}, "swa_interleaved": {"0.25": {"mean": 4.239188067442631, "std": 0.0, "n": 3}, "0.5": {"mean": 4.087485578219701, "std": 0.0, "n": 3}, "0.75": {"mean": 4.011655334368291, "std": 0.0, "n": 3}, "1.0": {"mean": 3.876368311872667, "std": 0.0, "n": 3}}, "moe": {"0.25": {"mean": 4.540275757135158, "std": 0.0, "n": 3}, "0.5": {"mean": 4.058654688365989, "std": 0.0, "n": 3}, "0.75": {"mean": 3.827306042999123, "std": 0.0, "n": 3}, "1.0": {"mean": 3.746654931874342, "std": 0.0, "n": 3}}, "moe_interleaved": {"0.25": {"mean": 4.427071324732502, "std": 0.0, "n": 3}, "0.5": {"mean": 3.9750381999556414, "std": 0.0, "n": 3}, "0.75": {"mean": 3.8028730800937525, "std": 5.438959822042073e-16, "n": 3}, "1.0": {"mean": 3.6548805731252876, "std": 5.438959822042073e-16, "n": 3}}, "moe_deep": {"0.25": {"mean": 4.4249677863161825, "std": 0.0, "n": 3}, "0.5": {"mean": 3.992149323273484, "std": 0.0, "n": 3}, "0.75": {"mean": 3.811096376477343, "std": 0.0, "n": 3}, "1.0": {"mean": 3.661588806809068, "std": 0.0, "n": 3}}, "linear": {"0.25": {"mean": 4.588003732689057, "std": 0.008193561627862627, "n": 3}, "0.5": {"mean": 4.196093535031911, "std": 0.010572932071650892, "n": 3}, "0.75": {"mean": 4.1048983077459935, "std": 0.03185289333406642, "n": 3}, "1.0": {"mean": 3.9170670410747754, "std": 0.08180236434807743, "n": 3}}}, "fixed_flops": {"vanilla": {"mean": 3.6300949096679687, "std": 0.0, "n": 3}, "modern": {"mean": 3.6082017183303834, "std": 0.0, "n": 3}, "alibi": {"mean": 3.858745849132538, "std": 0.0, "n": 3}, "gqa": {"mean": 3.9210144321123757, "std": 0.0, "n": 3}, "swa": {"mean": 3.9029055118560785, "std": 5.438959822042073e-16, "n": 3}, "swa_interleaved": {"mean": 3.8829290509223937, "std": 0.0, "n": 3}, "moe": {"mean": 3.428051817417144, "std": 5.438959822042073e-16, "n": 3}, "moe_interleaved": {"mean": 3.4732081333796185, "std": 0.0, "n": 3}, "moe_deep": {"mean": 3.4792041420936584, "std": 0.0, "n": 3}, "linear": {"mean": 3.80014847937873, "std": 0.0012816602069016159, "n": 3}}, "pareto_front": ["vanilla", "moe"], "parameter_counts": {"vanilla": 51430400, "modern": 51430400, "alibi": 51430400, "gqa": 48284672, "swa": 51430400, "swa_interleaved": 51430400, "moe": 68764672, "moe_interleaved": 60097536, "moe_deep": 60097536, "linear": 51430400}, "total_parameter_counts": {"vanilla": 51430400, "modern": 51430400, "alibi": 51430400, "gqa": 48284672, "swa": 51430400, "swa_interleaved": 51430400, "moe": 172573696, "moe_interleaved": 112002048, "moe_deep": 112002048, "linear": 51430400}, "parameter_parity_valid": false}, "probes": {"aggregated": {"vanilla": {"mqar": {"accuracy": 0.014322916666666666, "accuracy_by_distance": {"1009": 0.009114583333333334, "1010": 0.029947916666666668, "1011": 0.010416666666666666, "1012": 0.018229166666666668, "1013": 0.01953125, "1014": 0.022135416666666668, "1015": 0.005208333333333333, "1016": 0.0}}, "stable_rank": {"per_layer": [3.150615576361455, 3.4335978738132327, 3.44834159700347, 3.7047450871958016, 3.9647514263028487, 4.5875126296873585, 5.911440341633977, 4.21694620385978], "mean": 4.05224384198224, "std": 0.24813182877428255}, "cka": {"adjacent_curve": [0.9752480002232623, 0.9643129671784614, 0.9291059693512739, 0.8483929276956154, 0.7335334590760567, 0.7867978042402948, 0.7440671465389356], "full_matrix": [[1.0, 0.9752480002232623, 0.9369864929862638, 0.8761543153347048, 0.5951145319739855, 0.37807500087180995, 0.40045448246088283, 0.10171671915173743], [0.9752480002232623, 1.0, 0.9643129671784614, 0.886711089719908, 0.6182121980899987, 0.39277587014541887, 0.4028919101140153, 0.09558477902709515], [0.9369864929862638, 0.9643129671784614, 1.0, 0.9291059693512739, 0.7217074576206818, 0.5153243394548452, 0.49018252593061945, 0.13433255252212215], [0.8761543153347048, 0.886711089719908, 0.9291059693512739, 1.0, 0.8483929276956154, 0.5895657783007392, 0.5122785082073555, 0.15368133353389243], [0.5951145319739855, 0.6182121980899987, 0.7217074576206818, 0.8483929276956154, 1.0, 0.7335334590760567, 0.6431261024638376, 0.2710709072525899], [0.37807500087180995, 0.39277587014541887, 0.5153243394548452, 0.5895657783007392, 0.7335334590760567, 1.0, 0.7867978042402948, 0.4251749546637929], [0.40045448246088283, 0.4028919101140153, 0.49018252593061945, 0.5122785082073555, 0.6431261024638376, 0.7867978042402948, 1.0, 0.7440671465389356], [0.10171671915173743, 0.09558477902709515, 0.13433255252212215, 0.15368133353389243, 0.2710709072525899, 0.4251749546637929, 0.7440671465389356, 1.0]]}, "attention_entropy": {"per_layer": [5.558168927033743, 3.2948131481806437, 3.401126933097839, 3.5087833625078204, 2.0441007803877196, 2.459561851049463, 3.31685769200325, 3.778514490922292], "per_head": [[5.640929845174154, 5.660986493428548, 5.467416852315267, 5.72213077545166, 5.623334604899089, 5.349423274993896, 5.534557622273763, 5.466571947733562], [3.1800077342987065, 4.366987450917562, 2.963581403096517, 2.7010538101196286, 4.44397847811381, 3.238917350769043, 2.657641379038493, 2.8063375790913896], [3.500914192199707, 3.939335025151571, 3.3111087703704833, 3.7329293505350747, 2.197319507598877, 3.0089480113983154, 4.104189354578654, 3.4142712529500323], [2.6515664116541546, 4.430626799265544, 2.2959608459472656, 4.14771821975708, 4.236931810379029, 3.4444237232208246, 3.3740717697143556, 3.488967320124308], [1.5840230703353881, 1.6694567815462749, 1.752935676574707, 2.4168247270584104, 2.1820984522501625, 2.1378348477681475, 2.331848848660787, 2.2777838389078777], [2.4684788576761885, 2.377225433985392, 3.128920113245646, 2.606727326711019, 2.098290194074313, 2.3329122193654377, 1.9220589240392048, 2.7418817392985027], [3.317290782928467, 3.280720615386963, 3.0569639046986894, 3.54337890625, 3.437479101816813, 3.0735635121663414, 3.317257432937622, 3.5082072798411055], [4.158943850199382, 3.4966017468770345, 3.911482381820678, 3.3627019596099856, 3.836212100982666, 3.9037769190470377, 3.9699607626597087, 3.5884362061818442]]}, "n": 3}, "modern": {"mqar": {"accuracy": 0.0, "accuracy_by_distance": {"1009": 0.0, "1010": 0.0, "1011": 0.0, "1012": 0.0, "1013": 0.0, "1014": 0.0, "1015": 0.0, "1016": 0.0}}, "stable_rank": {"per_layer": [12.667860089700937, 6.719982512953755, 5.161680551332753, 4.793874221354251, 2.0363828389696024, 3.2736267835939423, 5.7465811857247955, 4.050112518634763], "mean": 5.5562625877831, "std": 0.7788989987625394}, "cka": {"adjacent_curve": [0.7474356291636135, 0.9090321112944473, 0.9449913806958913, 0.9061274583678739, 0.9867236123545663, 0.9159376808428293, 0.639376579391978], "full_matrix": [[1.0, 0.7474356291636135, 0.5644441479643002, 0.38677471315149936, 0.10742808356973939, 0.1690499516378345, 0.2901284606695354, 0.2503446566255481], [0.7474356291636135, 1.0, 0.9090321112944473, 0.7901155642139219, 0.5593491797307933, 0.6049189069547147, 0.657565304489325, 0.37911027495303523], [0.5644441479643002, 0.9090321112944473, 1.0, 0.9449913806958913, 0.7743019292043848, 0.8096055056579686, 0.8225040056846226, 0.4243074638975434], [0.38677471315149936, 0.7901155642139219, 0.9449913806958913, 1.0, 0.9061274583678739, 0.9278206587349777, 0.9000204144446703, 0.43711932612934684], [0.10742808356973939, 0.5593491797307933, 0.7743019292043848, 0.9061274583678739, 1.0, 0.9867236123545663, 0.8664303181659289, 0.35089064837366996], [0.1690499516378345, 0.6049189069547147, 0.8096055056579686, 0.9278206587349777, 0.9867236123545663, 1.0, 0.9159376808428293, 0.4190189133447348], [0.2901284606695354, 0.657565304489325, 0.8225040056846226, 0.9000204144446703, 0.8664303181659289, 0.9159376808428293, 1.0, 0.639376579391978], [0.2503446566255481, 0.37911027495303523, 0.4243074638975434, 0.43711932612934684, 0.35089064837366996, 0.4190189133447348, 0.639376579391978, 1.0]]}, "attention_entropy": null, "n": 3}, "alibi": {"mqar": {"accuracy": 0.0, "accuracy_by_distance": {"1009": 0.0, "1010": 0.0, "1011": 0.0, "1012": 0.0, "1013": 0.0, "1014": 0.0, "1015": 0.0, "1016": 0.0}}, "stable_rank": {"per_layer": [11.716041657286661, 9.634602067244638, 2.6462447352012433, 3.3138744502979223, 5.259740611338404, 8.668529610641285, 8.4798311820515, 5.225137268736024], "mean": 6.868000197849709, "std": 0.8201906799432764}, "cka": {"adjacent_curve": [0.6865598358923739, 0.7376047587118636, 0.9927527527441778, 0.9709547661075043, 0.9142043722479273, 0.8977323439894874, 0.9087648033214064], "full_matrix": [[1.0, 0.6865598358923739, 0.2273824936614198, 0.25963226121810346, 0.35473316441004665, 0.47224524448108157, 0.464553679676114, 0.3507096537197401], [0.6865598358923739, 1.0, 0.7376047587118636, 0.753843702621993, 0.7951128610432119, 0.7920522612778821, 0.679824308437479, 0.5943868659499891], [0.2273824936614198, 0.7376047587118636, 1.0, 0.9927527527441778, 0.9531967938464634, 0.8064775277459756, 0.6146043724922365, 0.595912359250777], [0.25963226121810346, 0.753843702621993, 0.9927527527441778, 1.0, 0.9709547661075043, 0.8390651492767018, 0.6492780189602717, 0.6205267864795578], [0.35473316441004665, 0.7951128610432119, 0.9531967938464634, 0.9709547661075043, 1.0, 0.9142043722479273, 0.7460975428183406, 0.6888348423810595], [0.47224524448108157, 0.7920522612778821, 0.8064775277459756, 0.8390651492767018, 0.9142043722479273, 1.0, 0.8977323439894874, 0.8061356934148396], [0.464553679676114, 0.679824308437479, 0.6146043724922365, 0.6492780189602717, 0.7460975428183406, 0.8977323439894874, 1.0, 0.9087648033214064], [0.3507096537197401, 0.5943868659499891, 0.595912359250777, 0.6205267864795578, 0.6888348423810595, 0.8061356934148396, 0.9087648033214064, 1.0]]}, "attention_entropy": null, "n": 3}, "gqa": {"mqar": {"accuracy": 0.0, "accuracy_by_distance": {"1009": 0.0, "1010": 0.0, "1011": 0.0, "1012": 0.0, "1013": 0.0, "1014": 0.0, "1015": 0.0, "1016": 0.0}}, "stable_rank": {"per_layer": [12.516211987336325, 7.316699832691856, 5.487850522121975, 4.553896889193818, 3.3559968227806536, 5.418792169506427, 6.588775435522291, 4.855890529200571], "mean": 6.26176427354424, "std": 0.08459171434424395}, "cka": {"adjacent_curve": [0.7356742715325906, 0.9207223237621953, 0.919445823882694, 0.9595730944006521, 0.9568976195884081, 0.8728426875252192, 0.7170692507724071], "full_matrix": [[1.0, 0.7356742715325906, 0.5892348005767013, 0.3512583503329803, 0.22919776528849742, 0.3341225999567438, 0.44458865337772835, 0.33413930438225403], [0.7356742715325906, 1.0, 0.9207223237621953, 0.7747115279681901, 0.6598639544825977, 0.7096239164030683, 0.6999378514761929, 0.4316714686843846], [0.5892348005767013, 0.9207223237621953, 1.0, 0.919445823882694, 0.8398420231445972, 0.8657166027070798, 0.7882561299483104, 0.45318984351292046], [0.3512583503329803, 0.7747115279681901, 0.919445823882694, 1.0, 0.9595730944006521, 0.9410960629662902, 0.7835592145846878, 0.41777273414912147], [0.22919776528849742, 0.6598639544825977, 0.8398420231445972, 0.9595730944006521, 1.0, 0.9568976195884081, 0.7619181736849953, 0.38712720329033407], [0.3341225999567438, 0.709623916403